0 0.4945054945054945 0.521978021978022 0.989010989010989 0.9340659340659341
0 0.8388278388278388 0.1510989010989011 0.315018315018315 0.19230769230769232
0 0.8681318681318682 0.3434065934065934 0.15384615384615385 0.15934065934065933
0 0.3663003663003663 0.4065934065934066 0.20512820512820512 0.25274725274725274
0 0.2600732600732601 0.14285714285714285 0.5201465201465202 0.14285714285714285
0 0.8168498168498168 0.5934065934065934 0.14652014652014653 0.16483516483516483
0 0.4358974358974359 0.7692307692307693 0.18315018315018314 0.43956043956043955
0 0.8772893772893773 0.8846153846153846 0.19413919413919414 0.21978021978021978
0 0.5256410256410257 0.43131868131868134 0.0695970695970696 0.13736263736263737
0 0.17032967032967034 0.4340659340659341 0.09157509157509157 0.15384615384615385
0 0.08241758241758242 0.8489010989010989 0.1575091575091575 0.2692307692307692
0 0.22893772893772893 0.6318681318681318 0.12087912087912088 0.15384615384615385
0 0.7289377289377289 0.4532967032967033 0.07326007326007326 0.14835164835164835
0 0.9633699633699634 0.3131868131868132 0.06593406593406594 0.0989010989010989
0 0.16666666666666666 0.3131868131868132 0.0989010989010989 0.0989010989010989
0 0.7875457875457875 0.7225274725274725 0.05860805860805861 0.09340659340659341
0 0.3021978021978022 0.3021978021978022 0.06227106227106227 0.07692307692307693
0 0.5695970695970696 0.21153846153846154 0.07692307692307693 0.2692307692307692
0 0.040293040293040296 0.5412087912087912 0.08058608058608059 0.11538461538461539
0 0.49633699633699635 0.04395604395604396 0.9853479853479854 0.08791208791208792
0 0.4597069597069597 0.7637362637362637 0.06227106227106227 0.08791208791208792
0 0.4010989010989011 0.22252747252747251 0.047619047619047616 0.06043956043956044
0 0.21794871794871795 0.1346153846153846 0.06227106227106227 0.038461538461538464
0 0.4945054945054945 0.5274725274725275 0.07326007326007326 0.07692307692307693
0 0.0347985347985348 0.3159340659340659 0.047619047619047616 0.06043956043956044
0 0.4230769230769231 0.32142857142857145 0.054945054945054944 0.04945054945054945
0 0.4597069597069597 0.27197802197802196 0.047619047619047616 0.07142857142857142
0 0.40476190476190477 0.9532967032967034 0.09157509157509157 0.08241758241758242
0 0.8553113553113553 0.046703296703296704 0.14285714285714285 0.04945054945054945
0 0.26556776556776557 0.34065934065934067 0.040293040293040296 0.04395604395604396