0 0.4928571428571429 0.4919786096256685 0.9857142857142858 0.983957219251337
0 0.9232142857142858 0.4625668449197861 0.13214285714285715 0.34759358288770054
0 0.12678571428571428 0.820855614973262 0.18928571428571428 0.3155080213903743
0 0.09285714285714286 0.49732620320855614 0.18571428571428572 0.39572192513368987
0 0.11428571428571428 0.12566844919786097 0.22857142857142856 0.25133689839572193
0 0.8821428571428571 0.7941176470588235 0.22857142857142856 0.39037433155080214
0 0.3196428571428571 0.8850267379679144 0.11785714285714285 0.20855614973262032
0 0.4589285714285714 0.11229946524064172 0.31785714285714284 0.22459893048128343
0 0.5357142857142857 0.8556149732620321 0.35 0.26737967914438504
0 0.8642857142857143 0.18716577540106952 0.2785714285714286 0.3422459893048128
0 0.6267857142857143 0.5828877005347594 0.16785714285714284 0.25668449197860965
0 0.31607142857142856 0.47593582887700536 0.26785714285714285 0.3422459893048128
0 0.8517857142857143 0.2647058823529412 0.075 0.10160427807486631
0 0.8482142857142857 0.20053475935828877 0.04642857142857143 0.08021390374331551
0 0.4017857142857143 0.3502673796791444 0.06785714285714285 0.11229946524064172
0 0.3142857142857143 0.16042780748663102 0.04285714285714286 0.06417112299465241
0 0.7142857142857143 0.893048128342246 0.1 0.20320855614973263
0 0.15357142857142858 0.6443850267379679 0.07142857142857142 0.09090909090909091