0 0.49236641221374045 0.44166666666666665 0.9847328244274809 0.37222222222222223
0 0.16984732824427481 0.8027777777777778 0.3320610687022901 0.35
0 0.5534351145038168 0.8833333333333333 0.25190839694656486 0.2111111111111111
0 0.47900763358778625 0.6388888888888888 0.21755725190839695 0.18888888888888888
0 0.12404580152671756 0.3472222222222222 0.24045801526717558 0.1388888888888889
0 0.3148854961832061 0.6277777777777778 0.16412213740458015 0.16666666666666666
0 0.7366412213740458 0.8111111111111111 0.16030534351145037 0.2111111111111111
0 0.04198473282442748 0.5638888888888889 0.08396946564885496 0.08333333333333333
0 0.10114503816793893 0.49166666666666664 0.17938931297709923 0.12777777777777777
0 0.37786259541984735 0.9166666666666666 0.183206106870229 0.16666666666666666
0 0.2595419847328244 0.5111111111111111 0.16030534351145037 0.08888888888888889
0 0.8740458015267175 0.7472222222222222 0.16793893129770993 0.17222222222222222
0 0.9103053435114504 0.39166666666666666 0.17938931297709923 0.1388888888888889
0 0.3244274809160305 0.4166666666666667 0.22900763358778625 0.13333333333333333
0 0.8874045801526718 0.26666666666666666 0.22519083969465647 0.06666666666666667
0 0.7786259541984732 0.39166666666666666 0.10687022900763359 0.05
0 0.4618320610687023 0.3138888888888889 0.11450381679389313 0.03888888888888889
0 0.9809160305343512 0.5083333333333333 0.03816793893129771 0.07222222222222222
0 0.36450381679389315 0.33055555555555555 0.03435114503816794 0.027777777777777776
0 0.3244274809160305 0.3277777777777778 0.04580152671755725 0.022222222222222223
0 0.49236641221374045 0.18888888888888888 0.9847328244274809 0.14444444444444443
0 0.04007633587786259 0.3638888888888889 0.07251908396946564 0.03888888888888889
0 0.23091603053435114 0.4166666666666667 0.09541984732824428 0.044444444444444446
0 0.18129770992366412 0.3527777777777778 0.0648854961832061 0.027777777777777776
0 0.45038167938931295 0.4777777777777778 0.09923664122137404 0.05555555555555555
0 0.5572519083969466 0.44722222222222224 0.22137404580152673 0.09444444444444444
0 0.5896946564885496 0.7416666666666667 0.1183206106870229 0.12777777777777777
0 0.6812977099236641 0.41388888888888886 0.12595419847328243 0.05
0 0.8740458015267175 0.9166666666666666 0.16793893129770993 0.14444444444444443
0 0.3969465648854962 0.7777777777777778 0.1450381679389313 0.14444444444444443
0 0.933206106870229 0.6305555555555555 0.026717557251908396 0.05
0 0.4026717557251908 0.3111111111111111 0.019083969465648856 0.022222222222222223