0 0.4962686567164179 0.7119565217391305 0.9925373134328358 0.5543478260869565
0 0.878731343283582 0.592391304347826 0.23507462686567165 0.22826086956521738
0 0.3283582089552239 0.6168478260869565 0.20149253731343283 0.266304347826087
0 0.5018656716417911 0.6711956521739131 0.11567164179104478 0.20108695652173914
0 0.8899253731343284 0.8831521739130435 0.22014925373134328 0.21195652173913043
0 0.4944029850746269 0.42934782608695654 0.9813432835820896 0.06521739130434782
0 0.11194029850746269 0.8831521739130435 0.1865671641791045 0.21195652173913043
0 0.376865671641791 0.8777173913043478 0.08955223880597014 0.15760869565217392
0 0.5895522388059702 0.9456521739130435 0.17164179104477612 0.08695652173913043
0 0.05037313432835821 0.657608695652174 0.10074626865671642 0.18478260869565216
0 0.6791044776119403 0.8369565217391305 0.1417910447761194 0.16304347826086957
0 0.5970149253731343 0.532608695652174 0.34328358208955223 0.15217391304347827