0 0.7451737451737451 0.6038251366120219 0.5019305019305019 0.7377049180327869
0 0.14671814671814673 0.3114754098360656 0.277992277992278 0.15300546448087432
0 0.6158301158301158 0.3005464480874317 0.2972972972972973 0.13114754098360656
0 0.0637065637065637 0.7049180327868853 0.1274131274131274 0.19672131147540983
0 0.39575289575289574 0.38524590163934425 0.2277992277992278 0.2677595628415301
0 0.09652509652509653 0.5081967213114754 0.1776061776061776 0.2185792349726776
0 0.33783783783783783 0.6202185792349727 0.1891891891891892 0.16939890710382513
0 0.06756756756756757 0.912568306010929 0.1274131274131274 0.14207650273224043
0 0.7722007722007722 0.5710382513661202 0.18532818532818532 0.18032786885245902
0 0.7683397683397684 0.6939890710382514 0.10038610038610038 0.09836065573770492
0 0.8436293436293436 0.7786885245901639 0.1583011583011583 0.15846994535519127
0 0.2702702702702703 0.7650273224043715 0.11583011583011583 0.12021857923497267
0 0.8841698841698842 0.9480874316939891 0.15444015444015444 0.08196721311475409
0 0.48841698841698844 0.5327868852459017 0.13513513513513514 0.15846994535519127
0 0.9478764478764479 0.47540983606557374 0.11196911196911197 0.14207650273224043
0 0.10231660231660232 0.592896174863388 0.05791505791505792 0.07103825136612021
0 0.6138996138996139 0.7868852459016393 0.11583011583011583 0.09836065573770492
0 0.8783783783783784 0.2896174863387978 0.24324324324324326 0.1092896174863388
0 0.5077220077220077 0.7786885245901639 0.10424710424710425 0.14754098360655737
0 0.6274131274131274 0.592896174863388 0.13513513513513514 0.15846994535519127
0 0.22972972972972974 0.644808743169399 0.07335907335907337 0.07650273224043716
0 0.7683397683397684 0.22950819672131148 0.46332046332046334 0.03278688524590164
0 0.9459459459459459 0.8142076502732241 0.10038610038610038 0.08743169398907104
0 0.2722007722007722 0.48633879781420764 0.05019305019305019 0.0546448087431694
0 0.915057915057915 0.5819672131147541 0.07722007722007722 0.07103825136612021
0 0.4768339768339768 0.6174863387978142 0.05019305019305019 0.07650273224043716
0 0.5347490347490348 0.4371584699453552 0.04247104247104247 0.04371584699453552
0 0.972972972972973 0.6092896174863388 0.05405405405405406 0.04918032786885246
0 0.22972972972972974 0.226775956284153 0.4594594594594595 0.03825136612021858
0 0.08687258687258688 0.33879781420765026 0.04247104247104247 0.04371584699453552
0 0.8436293436293436 0.7158469945355191 0.03474903474903475 0.07650273224043716
0 0.44594594594594594 0.27595628415300544 0.07335907335907337 0.060109289617486336
0 0.7123552123552124 0.3879781420765027 0.02702702702702703 0.03278688524590164
0 0.8996138996138996 0.2786885245901639 0.03088803088803089 0.02185792349726776
0 0.5637065637065637 0.8879781420765027 0.023166023166023165 0.04918032786885246
0 0.21621621621621623 0.5601092896174863 0.12355212355212356 0.15846994535519127
0 0.5328185328185329 0.8907103825136612 0.29343629343629346 0.18579234972677597
0 0.9845559845559846 0.3114754098360656 0.03861003861003861 0.02185792349726776
0 0.7046332046332047 0.3251366120218579 0.06563706563706563 0.03825136612021858
0 0.3436293436293436 0.2896174863387978 0.03861003861003861 0.07650273224043716
0 0.28185328185328185 0.3633879781420765 0.07722007722007722 0.09289617486338798
0 0.34555984555984554 0.9016393442622951 0.18146718146718147 0.15300546448087432