0 0.49137931034482757 0.4888888888888889 0.9827586206896551 0.9777777777777777
0 0.5155172413793103 0.4361111111111111 0.09310344827586207 0.2722222222222222
0 0.3896551724137931 0.10833333333333334 0.2689655172413793 0.21666666666666667
0 0.5982758620689655 0.11666666666666667 0.22413793103448276 0.23333333333333334
0 0.8810344827586207 0.7888888888888889 0.23793103448275862 0.37777777777777777
0 0.3775862068965517 0.7777777777777778 0.15517241379310345 0.4
0 0.8637931034482759 0.09722222222222222 0.1206896551724138 0.19444444444444445
0 0.5275862068965518 0.7305555555555555 0.19310344827586207 0.4388888888888889
0 0.7396551724137931 0.8777777777777778 0.1482758620689655 0.23333333333333334
0 0.06896551724137931 0.23333333333333334 0.08275862068965517 0.4666666666666667
0 0.2482758620689655 0.3638888888888889 0.15172413793103448 0.3611111111111111
0 0.8189655172413793 0.5055555555555555 0.17586206896551723 0.2
0 0.1 0.6388888888888888 0.2 0.37777777777777777
0 0.6241379310344828 0.9277777777777778 0.10344827586206896 0.12222222222222222
0 0.2655172413793103 0.6055555555555555 0.1310344827586207 0.2
0 0.6775862068965517 0.35555555555555557 0.09310344827586207 0.2
0 0.32241379310344825 0.41388888888888886 0.07241379310344828 0.07222222222222222
0 0.9689655172413794 0.17222222222222222 0.034482758620689655 0.26666666666666666