0 0.7959866220735786 0.7360248447204969 0.39464882943143814 0.4906832298136646
0 0.27591973244147155 0.7360248447204969 0.5451505016722408 0.4782608695652174
0 0.06688963210702341 0.8260869565217391 0.12040133779264214 0.14906832298136646
0 0.6254180602006689 0.9254658385093167 0.06688963210702341 0.12422360248447205
0 0.9464882943143813 0.8788819875776398 0.0802675585284281 0.13043478260869565
0 0.27424749163879597 0.8571428571428571 0.11371237458193979 0.18633540372670807
0 0.18561872909698995 0.8012422360248447 0.09698996655518395 0.17391304347826086
0 0.7508361204013378 0.8354037267080745 0.0903010033444816 0.15527950310559005
0 0.19230769230769232 0.9658385093167702 0.07023411371237458 0.06832298136645963
0 0.3862876254180602 0.8322981366459627 0.08361204013377926 0.17391304347826086
0 0.4983277591973244 0.8105590062111802 0.0802675585284281 0.21739130434782608
0 0.6120401337792643 0.782608695652174 0.06688963210702341 0.2111801242236025
0 0.6839464882943144 0.5062111801242236 0.24414715719063546 0.11801242236024845
0 0.8277591973244147 0.7515527950310559 0.09698996655518395 0.17391304347826086
0 0.6923076923076923 0.717391304347826 0.07357859531772576 0.15527950310559005
0 0.7959866220735786 0.953416149068323 0.06688963210702341 0.09316770186335403
0 0.44481605351170567 0.46273291925465837 0.27424749163879597 0.043478260869565216
0 0.10367892976588629 0.4968944099378882 0.20735785953177258 0.049689440993788817
0 0.8879598662207357 0.906832298136646 0.06354515050167224 0.12422360248447205
0 0.051839464882943144 0.6614906832298136 0.09698996655518395 0.11801242236024845
0 0.4531772575250836 0.717391304347826 0.07023411371237458 0.14285714285714285
0 0.48494983277591974 0.9658385093167702 0.046822742474916385 0.055900621118012424
0 0.9832775919732442 0.9409937888198758 0.033444816053511704 0.055900621118012424
0 0.2909698996655518 0.7111801242236024 0.046822742474916385 0.10559006211180125
0 0.23745819397993312 0.6428571428571429 0.14046822742474915 0.16770186335403728
0 0.48494983277591974 0.6459627329192547 0.046822742474916385 0.09937888198757763
0 0.8177257525083612 0.422360248447205 0.35785953177257523 0.11180124223602485
0 0.1488294314381271 0.6180124223602484 0.03678929765886288 0.031055900621118012
0 0.6923076923076923 0.9596273291925466 0.05351170568561873 0.08074534161490683
0 0.33612040133779264 0.7795031055900621 0.05016722408026756 0.09316770186335403
0 0.677257525083612 0.43478260869565216 0.0903010033444816 0.024844720496894408