0 0.49094202898550726 0.7416666666666667 0.9818840579710145 0.48333333333333334
0 0.37318840579710144 0.8527777777777777 0.18115942028985507 0.2611111111111111
0 0.08152173913043478 0.6527777777777778 0.16304347826086957 0.2833333333333333
0 0.4945652173913043 0.3888888888888889 0.9818840579710145 0.3333333333333333
0 0.10144927536231885 0.9194444444444444 0.15217391304347827 0.1388888888888889
0 0.3242753623188406 0.6666666666666666 0.12681159420289856 0.2111111111111111
0 0.6666666666666666 0.8972222222222223 0.21739130434782608 0.19444444444444445
0 0.9782608695652174 0.5027777777777778 0.043478260869565216 0.10555555555555556
0 0.4891304347826087 0.6777777777777778 0.13768115942028986 0.18888888888888888
0 0.8967391304347826 0.9083333333333333 0.19202898550724637 0.17222222222222222
0 0.907608695652174 0.5055555555555555 0.06884057971014493 0.1
0 0.15760869565217392 0.4583333333333333 0.11231884057971014 0.12777777777777777
0 0.6793478260869565 0.6277777777777778 0.22826086956521738 0.2
0 0.7155797101449275 0.5138888888888888 0.06884057971014493 0.07222222222222222
0 0.8840579710144928 0.6138888888888889 0.21739130434782608 0.17222222222222222
0 0.06884057971014493 0.9638888888888889 0.043478260869565216 0.05
0 0.5181159420289855 0.4888888888888889 0.07246376811594203 0.08888888888888889
0 0.32971014492753625 0.8527777777777777 0.057971014492753624 0.06111111111111111
0 0.021739130434782608 0.4722222222222222 0.043478260869565216 0.08888888888888889
0 0.2971014492753623 0.4527777777777778 0.16666666666666666 0.15