0 0.4894578313253012 0.4937888198757764 0.9789156626506024 0.9875776397515528
0 0.6942771084337349 0.15838509316770186 0.12951807228915663 0.2670807453416149
0 0.28012048192771083 0.6645962732919255 0.23493975903614459 0.38509316770186336
0 0.8629518072289156 0.14285714285714285 0.1536144578313253 0.2732919254658385
0 0.9036144578313253 0.6211180124223602 0.18072289156626506 0.34782608695652173
0 0.44879518072289154 0.19875776397515527 0.1566265060240964 0.3105590062111801
0 0.7033132530120482 0.8167701863354038 0.16566265060240964 0.32919254658385094
0 0.10692771084337349 0.5372670807453416 0.09939759036144578 0.36645962732919257
0 0.22289156626506024 0.30434782608695654 0.18674698795180722 0.34782608695652173
0 0.5662650602409639 0.5962732919254659 0.1746987951807229 0.36024844720496896
0 0.3614457831325301 0.8975155279503105 0.15060240963855423 0.19254658385093168
0 0.4578313253012048 0.7608695652173914 0.13253012048192772 0.21739130434782608
0 0.10692771084337349 0.8385093167701864 0.21385542168674698 0.32298136645962733
0 0.9156626506024096 0.8726708074534162 0.14457831325301204 0.22981366459627328
0 0.7454819277108434 0.5031055900621118 0.1536144578313253 0.2981366459627329
0 0.34036144578313254 0.09316770186335403 0.10843373493975904 0.17391304347826086
0 0.03765060240963856 0.3416149068322981 0.07530120481927711 0.6459627329192547
0 0.625 0.9254658385093167 0.07530120481927711 0.12422360248447205
0 0.9623493975903614 0.2515527950310559 0.0572289156626506 0.09316770186335403