0 0.4948453608247423 0.6082474226804123 0.9896907216494846 0.7731958762886598
0 0.37800687285223367 0.023195876288659795 0.7147766323024055 0.04639175257731959
0 0.49312714776632305 0.12886597938144329 0.9862542955326461 0.1958762886597938
0 0.8797250859106529 0.020618556701030927 0.21305841924398625 0.041237113402061855
0 0.13745704467353953 0.26288659793814434 0.26804123711340205 0.12371134020618557
0 0.8316151202749141 0.4690721649484536 0.3024054982817869 0.18556701030927836
0 0.6202749140893471 0.6597938144329897 0.10652920962199312 0.13402061855670103
0 0.44673539518900346 0.8634020618556701 0.3024054982817869 0.2422680412371134
0 0.10996563573883161 0.8943298969072165 0.20618556701030927 0.19072164948453607
0 0.37628865979381443 0.3402061855670103 0.23024054982817868 0.16494845360824742
0 0.915807560137457 0.8969072164948454 0.15463917525773196 0.17525773195876287
0 0.7594501718213058 0.29381443298969073 0.4536082474226804 0.14432989690721648
0 0.7353951890034365 0.023195876288659795 0.07560137457044673 0.04639175257731959