0 0.4921875 0.5527777777777778 0.984375 0.5166666666666667
0 0.48828125 0.8777777777777778 0.9765625 0.2222222222222222
0 0.955078125 0.7388888888888889 0.08984375 0.23333333333333334
0 0.2109375 0.6666666666666666 0.1484375 0.2111111111111111
0 0.57421875 0.7777777777777778 0.09375 0.23333333333333334
0 0.82421875 0.7166666666666667 0.1484375 0.2777777777777778
0 0.31640625 0.8111111111111111 0.1171875 0.12222222222222222
0 0.412109375 0.8527777777777777 0.11328125 0.11666666666666667
0 0.3984375 0.6888888888888889 0.125 0.2111111111111111
0 0.798828125 0.4777777777777778 0.09765625 0.14444444444444443
0 0.4296875 0.44166666666666665 0.2265625 0.22777777777777777
0 0.8046875 0.26666666666666666 0.3828125 0.26666666666666666
0 0.912109375 0.5138888888888888 0.11328125 0.1388888888888889
0 0.193359375 0.9166666666666666 0.07421875 0.13333333333333333
0 0.07421875 0.9138888888888889 0.1484375 0.1388888888888889
0 0.228515625 0.4027777777777778 0.19921875 0.3055555555555556
0 0.07421875 0.4388888888888889 0.1484375 0.23333333333333334
0 0.923828125 0.9055555555555556 0.13671875 0.15555555555555556
0 0.0859375 0.6638888888888889 0.0625 0.15
0 0.66796875 0.7888888888888889 0.0390625 0.07777777777777778