0 0.49512987012987014 0.5638888888888889 0.9902597402597403 0.85
0 0.1331168831168831 0.2222222222222222 0.2662337662337662 0.14444444444444443
0 0.8392857142857143 0.26944444444444443 0.3344155844155844 0.2388888888888889
0 0.5178571428571429 0.2722222222222222 0.2824675324675325 0.24444444444444444
0 0.12824675324675325 0.38055555555555554 0.2564935064935065 0.22777777777777777
0 0.1331168831168831 0.8277777777777777 0.2532467532467532 0.3333333333333333
0 0.676948051948052 0.7333333333333333 0.1266233766233766 0.17777777777777778
0 0.49837662337662336 0.9027777777777778 0.1331168831168831 0.18333333333333332
0 0.4074675324675325 0.6166666666666667 0.17207792207792208 0.23333333333333334
0 0.2483766233766234 0.6277777777777778 0.1461038961038961 0.2111111111111111
0 0.8928571428571429 0.6611111111111111 0.21428571428571427 0.2777777777777778
0 0.6136363636363636 0.9138888888888889 0.06493506493506493 0.15
0 0.4594155844155844 0.24166666666666667 0.06168831168831169 0.08333333333333333
0 0.3587662337662338 0.39166666666666666 0.21753246753246752 0.19444444444444445
0 0.7678571428571429 0.9277777777777778 0.11363636363636363 0.13333333333333333
0 0.2353896103896104 0.10555555555555556 0.4707792207792208 0.1
0 0.38311688311688313 0.9277777777777778 0.08441558441558442 0.12222222222222222
0 0.08603896103896104 0.24722222222222223 0.048701298701298704 0.06111111111111111
0 0.2775974025974026 0.20555555555555555 0.03571428571428571 0.044444444444444446
0 0.5698051948051948 0.5166666666666667 0.04220779220779221 0.07777777777777778
0 0.08441558441558442 0.5305555555555556 0.05194805194805195 0.06111111111111111
0 0.6672077922077922 0.08055555555555556 0.21103896103896103 0.15
0 0.3003246753246753 0.31666666666666665 0.04220779220779221 0.05555555555555555
0 0.7532467532467533 0.6777777777777778 0.05194805194805195 0.06666666666666667