0 0.49236641221374045 0.44166666666666665 0.9847328244274809 0.8833333333333333
0 0.48091603053435117 0.17222222222222222 0.24427480916030533 0.3111111111111111
0 0.8950381679389313 0.3416666666666667 0.21755725190839695 0.31666666666666665
0 0.4675572519083969 0.5611111111111111 0.15648854961832062 0.2222222222222222
0 0.1297709923664122 0.10277777777777777 0.24427480916030533 0.20555555555555555
0 0.48091603053435117 0.7666666666666667 0.22900763358778625 0.23333333333333334
0 0.18129770992366412 0.6305555555555555 0.16412213740458015 0.2388888888888889
0 0.8740458015267175 0.1 0.1984732824427481 0.2
0 0.9141221374045801 0.6666666666666666 0.1717557251908397 0.32222222222222224
0 0.7786259541984732 0.5666666666666667 0.15267175572519084 0.23333333333333334
0 0.3244274809160305 0.5805555555555556 0.19083969465648856 0.19444444444444445