0 0.48952095808383234 0.48757763975155277 0.9790419161676647 0.9751552795031055
0 0.7859281437125748 0.30124223602484473 0.09880239520958084 0.40372670807453415
0 0.4251497005988024 0.8726708074534162 0.1497005988023952 0.22981366459627328
0 0.5164670658682635 0.27639751552795033 0.15868263473053892 0.32919254658385094
0 0.05688622754491018 0.7639751552795031 0.11377245508982035 0.2857142857142857
0 0.6452095808383234 0.8881987577639752 0.15269461077844312 0.19875776397515527
0 0.7784431137724551 0.8167701863354038 0.15568862275449102 0.3167701863354037
0 0.9101796407185628 0.7298136645962733 0.17964071856287425 0.4161490683229814
0 0.9101796407185628 0.30745341614906835 0.17964071856287425 0.515527950310559
0 0.23502994011976047 0.18322981366459629 0.218562874251497 0.36645962732919257
0 0.6452095808383234 0.6832298136645962 0.1407185628742515 0.2608695652173913
0 0.11077844311377245 0.5186335403726708 0.1497005988023952 0.22981366459627328
0 0.18562874251497005 0.6956521739130435 0.08982035928143713 0.18633540372670807