0 0.49429657794676807 0.49166666666666664 0.9885931558935361 0.9833333333333333
0 0.4600760456273764 0.13333333333333333 0.33460076045627374 0.26666666666666666
0 0.10076045627376426 0.11666666666666667 0.20152091254752852 0.23333333333333334
0 0.4011406844106464 0.8888888888888888 0.376425855513308 0.2111111111111111
0 0.7490494296577946 0.058333333333333334 0.41825095057034223 0.11666666666666667
0 0.6825095057034221 0.8027777777777778 0.2623574144486692 0.3388888888888889
0 0.5342205323193916 0.37777777777777777 0.29277566539923955 0.26666666666666666
0 0.8479087452471483 0.49166666666666664 0.2965779467680608 0.3388888888888889
0 0.07984790874524715 0.7277777777777777 0.1596958174904943 0.5111111111111111
0 0.9125475285171103 0.7722222222222223 0.19771863117870722 0.2777777777777778
0 0.35361216730038025 0.5805555555555556 0.2585551330798479 0.22777777777777777
0 0.6349809885931559 0.5527777777777778 0.21292775665399238 0.20555555555555555
0 0.9467680608365019 0.05277777777777778 0.06844106463878327 0.09444444444444444
0 0.4752851711026616 0.6916666666666667 0.13688212927756654 0.17222222222222222
0 0.28517110266159695 0.3527777777777778 0.22053231939163498 0.2833333333333333