0 0.15372670807453417 0.2972222222222222 0.30745341614906835 0.20555555555555555
0 0.7701863354037267 0.5777777777777777 0.4472049689440994 0.7777777777777778
0 0.4363354037267081 0.2638888888888889 0.18322981366459629 0.15
0 0.42701863354037267 0.5666666666666667 0.32608695652173914 0.6444444444444445
0 0.30434782608695654 0.8055555555555556 0.10559006211180125 0.16666666666666666
0 0.15838509316770186 0.5277777777777778 0.14906832298136646 0.2222222222222222
0 0.5434782608695652 0.8277777777777777 0.11801242236024845 0.17777777777777778
0 0.13198757763975155 0.9583333333333334 0.07763975155279502 0.07222222222222222
0 0.7872670807453416 0.7416666666666667 0.09627329192546584 0.12777777777777777
0 0.6475155279503105 0.8416666666666667 0.08385093167701864 0.10555555555555556
0 0.11024844720496894 0.7027777777777777 0.12111801242236025 0.12777777777777777
0 0.6381987577639752 0.6388888888888888 0.10869565217391304 0.13333333333333333
0 0.8695652173913043 0.22777777777777777 0.2670807453416149 0.07777777777777778
0 0.7872670807453416 0.5888888888888889 0.17080745341614906 0.2
0 0.6863354037267081 0.36666666666666664 0.11801242236024845 0.1111111111111111
0 0.41459627329192544 0.7555555555555555 0.12732919254658384 0.14444444444444443
0 0.034161490683229816 0.5277777777777778 0.06832298136645963 0.1
0 0.8649068322981367 0.8472222222222222 0.10248447204968944 0.11666666666666667
0 0.6040372670807453 0.25833333333333336 0.2204968944099379 0.11666666666666667
0 0.5698757763975155 0.5777777777777777 0.06521739130434782 0.12222222222222222
0 0.31521739130434784 0.49166666666666664 0.040372670807453416 0.05
0 0.16614906832298137 0.6055555555555555 0.034161490683229816 0.07777777777777778
0 0.5590062111801242 0.7138888888888889 0.062111801242236024 0.08333333333333333
0 0.2981366459627329 0.43333333333333335 0.06832298136645963 0.08888888888888889
0 0.2562111801242236 0.17777777777777778 0.5186335403726708 0.044444444444444446
0 0.5605590062111802 0.42777777777777776 0.040372670807453416 0.044444444444444446
0 0.9813664596273292 0.6388888888888888 0.049689440993788817 0.07777777777777778
0 0.8090062111801242 0.17777777777777778 0.3695652173913043 0.03333333333333333
0 0.015527950310559006 0.6138888888888889 0.031055900621118012 0.07222222222222222
0 0.13819875776397517 0.2972222222222222 0.059006211180124224 0.07222222222222222
0 0.8540372670807453 0.75 0.031055900621118012 0.1
0 0.37111801242236025 0.9138888888888889 0.11490683229813664 0.15
0 0.9208074534161491 0.5888888888888889 0.07142857142857142 0.07777777777777778
0 0.7049689440993789 0.7055555555555556 0.09937888198757763 0.07777777777777778
0 0.9767080745341615 0.26944444444444443 0.046583850931677016 0.03888888888888889
0 0.7313664596273292 0.2916666666666667 0.09006211180124224 0.05
0 0.9363354037267081 0.7277777777777777 0.12111801242236025 0.23333333333333334
0 0.4813664596273292 0.6305555555555555 0.06832298136645963 0.09444444444444444
0 0.3695652173913043 0.5333333333333333 0.07453416149068323 0.1111111111111111
0 0.703416149068323 0.6166666666666667 0.034161490683229816 0.05555555555555555
0 0.515527950310559 0.6777777777777778 0.037267080745341616 0.05555555555555555
0 0.38664596273291924 0.2638888888888889 0.027950310559006212 0.07222222222222222
0 0.7329192546583851 0.5527777777777778 0.049689440993788817 0.06111111111111111
0 0.31521739130434784 0.6027777777777777 0.046583850931677016 0.03888888888888889
0 0.4922360248447205 0.8305555555555556 0.040372670807453416 0.03888888888888889
0 0.5201863354037267 0.5972222222222222 0.040372670807453416 0.08333333333333333
0 0.15372670807453417 0.5027777777777778 0.034161490683229816 0.05
0 0.13198757763975155 0.8555555555555555 0.16459627329192547 0.2111111111111111