0 0.49375 0.6194444444444445 0.9875 0.5611111111111111
0 0.90625 0.37222222222222223 0.1875 0.15555555555555556
0 0.08541666666666667 0.8416666666666667 0.14583333333333334 0.17222222222222222
0 0.6604166666666667 0.42777777777777776 0.2791666666666667 0.17777777777777778
0 0.8854166666666666 0.5888888888888889 0.22916666666666666 0.2222222222222222
0 0.8666666666666667 0.8027777777777778 0.26666666666666666 0.22777777777777777
0 0.32916666666666666 0.8305555555555556 0.24166666666666667 0.19444444444444445
0 0.33541666666666664 0.3861111111111111 0.37916666666666665 0.1388888888888889
0 0.49375 0.17777777777777778 0.9875 0.35555555555555557
0 0.12291666666666666 0.4527777777777778 0.2125 0.1388888888888889
0 0.55625 0.31666666666666665 0.0875 0.06666666666666667
0 0.8354166666666667 0.28055555555555556 0.04583333333333333 0.07222222222222222
0 0.5854166666666667 0.8222222222222222 0.2791666666666667 0.18888888888888888
0 0.035416666666666666 0.5555555555555556 0.07083333333333333 0.13333333333333333
0 0.375 0.6222222222222222 0.175 0.2222222222222222
0 0.11666666666666667 0.5555555555555556 0.10833333333333334 0.13333333333333333
0 0.20416666666666666 0.25555555555555554 0.11666666666666667 0.18888888888888888
0 0.06041666666666667 0.24166666666666667 0.10416666666666667 0.17222222222222222
0 0.8479166666666667 0.7027777777777777 0.09583333333333334 0.07222222222222222
0 0.7666666666666667 0.2777777777777778 0.058333333333333334 0.06666666666666667