0 0.8664122137404581 0.49166666666666664 0.26717557251908397 0.9277777777777778
0 0.07442748091603053 0.20833333333333334 0.14885496183206107 0.2388888888888889
0 0.25190839694656486 0.5277777777777778 0.5038167938931297 0.8777777777777778
0 0.9427480916030534 0.12777777777777777 0.10687022900763359 0.16666666666666666
0 0.8950381679389313 0.6416666666666667 0.11068702290076336 0.17222222222222222
0 0.5763358778625954 0.15555555555555556 0.45038167938931295 0.28888888888888886
0 0.5114503816793893 0.4777777777777778 0.31297709923664124 0.3111111111111111
0 0.5286259541984732 0.8388888888888889 0.3702290076335878 0.3
0 0.08015267175572519 0.8777777777777778 0.16030534351145037 0.17777777777777778
0 0.07633587786259542 0.03333333333333333 0.15267175572519084 0.06666666666666667
0 0.08587786259541985 0.4444444444444444 0.1717557251908397 0.18888888888888888
0 0.2652671755725191 0.9027777777777778 0.1946564885496183 0.17222222222222222
0 0.47900763358778625 0.1527777777777778 0.11068702290076336 0.09444444444444444
0 0.24045801526717558 0.3527777777777778 0.183206106870229 0.1388888888888889
0 0.6812977099236641 0.2388888888888889 0.09541984732824428 0.1
0 0.700381679389313 0.06666666666666667 0.05725190839694656 0.1111111111111111
0 0.6297709923664122 0.013888888888888888 0.17557251908396945 0.027777777777777776
0 0.37213740458015265 0.019444444444444445 0.41603053435114506 0.03888888888888889
0 0.8492366412213741 0.08055555555555556 0.14122137404580154 0.12777777777777777
0 0.4389312977099237 0.07777777777777778 0.07633587786259542 0.044444444444444446
0 0.7480916030534351 0.7027777777777777 0.1450381679389313 0.20555555555555555
0 0.5400763358778626 0.12777777777777777 0.05725190839694656 0.05555555555555555