0 0.4909090909090909 0.4945652173913043 0.9818181818181818 0.9891304347826086
0 0.23030303030303031 0.8260869565217391 0.16363636363636364 0.31521739130434784
0 0.8833333333333333 0.8152173913043478 0.1787878787878788 0.33695652173913043
0 0.6878787878787879 0.14673913043478262 0.20606060606060606 0.29347826086956524
0 0.7045454545454546 0.8206521739130435 0.1787878787878788 0.30434782608695654
0 0.24393939393939393 0.125 0.39090909090909093 0.25
0 0.4287878787878788 0.8070652173913043 0.12424242424242424 0.3423913043478261
0 0.05909090909090909 0.782608695652174 0.11818181818181818 0.358695652173913
0 0.8787878787878788 0.1875 0.22424242424242424 0.375
0 0.09848484848484848 0.421195652173913 0.16666666666666666 0.3641304347826087
0 0.8363636363636363 0.5217391304347826 0.2 0.3804347826086957
0 0.3196969696969697 0.45108695652173914 0.1787878787878788 0.391304347826087
0 0.4696969696969697 0.28532608695652173 0.1696969696969697 0.30978260869565216
0 0.6545454545454545 0.5135869565217391 0.18181818181818182 0.45108695652173914
0 0.21818181818181817 0.35597826086956524 0.09696969696969697 0.15760869565217392
0 0.5666666666666667 0.7608695652173914 0.10909090909090909 0.14130434782608695
0 0.5696969696969697 0.9483695652173914 0.10909090909090909 0.08152173913043478