0 0.494949494949495 0.5027777777777778 0.98989898989899 0.9611111111111111
0 0.04208754208754209 0.7472222222222222 0.08417508417508418 0.19444444444444445
0 0.8922558922558923 0.5722222222222222 0.20875420875420875 0.43333333333333335
0 0.31986531986531985 0.6777777777777778 0.22895622895622897 0.3888888888888889
0 0.6245791245791246 0.6972222222222222 0.1447811447811448 0.22777777777777777
0 0.8063973063973064 0.9055555555555556 0.3939393939393939 0.17777777777777778
0 0.8787878787878788 0.225 0.2558922558922559 0.35
0 0.05723905723905724 0.3138888888888889 0.11447811447811448 0.3277777777777778
0 0.46464646464646464 0.17777777777777778 0.2962962962962963 0.2777777777777778
0 0.2777777777777778 0.37777777777777777 0.07744107744107744 0.12222222222222222
0 0.4444444444444444 0.8638888888888889 0.2222222222222222 0.2388888888888889
0 0.9595959595959596 0.23333333333333334 0.06734006734006734 0.12222222222222222
0 0.16666666666666666 0.9222222222222223 0.31986531986531985 0.14444444444444443
0 0.5420875420875421 0.5027777777777778 0.12794612794612795 0.1388888888888889
0 0.6851851851851852 0.5388888888888889 0.10437710437710437 0.12222222222222222
0 0.050505050505050504 0.6166666666666667 0.08080808080808081 0.07777777777777778
0 0.39225589225589225 0.41388888888888886 0.15151515151515152 0.17222222222222222
0 0.8939393939393939 0.044444444444444446 0.17845117845117844 0.08888888888888889
0 0.7878787878787878 0.09166666666666666 0.08754208754208755 0.11666666666666667
0 0.7239057239057239 0.6888888888888889 0.08754208754208755 0.2