0 0.4898989898989899 0.49166666666666664 0.9797979797979798 0.9833333333333333
0 0.15656565656565657 0.10833333333333334 0.3063973063973064 0.21666666666666667
0 0.5218855218855218 0.10555555555555556 0.2828282828282828 0.2111111111111111
0 0.7878787878787878 0.09166666666666666 0.3501683501683502 0.18333333333333332
0 0.16161616161616163 0.725 0.1750841750841751 0.55
0 0.06060606060606061 0.8555555555555555 0.11447811447811448 0.28888888888888886
0 0.3451178451178451 0.7777777777777778 0.1717171717171717 0.43333333333333335
0 0.9410774410774411 0.013888888888888888 0.07744107744107744 0.027777777777777776
0 0.5084175084175084 0.4166666666666667 0.20202020202020202 0.34444444444444444
0 0.7962962962962963 0.7666666666666667 0.1717171717171717 0.4666666666666667
0 0.6077441077441077 0.7555555555555555 0.1447811447811448 0.4777777777777778
0 0.9259259259259259 0.7583333333333333 0.12794612794612795 0.48333333333333334
0 0.09427609427609428 0.36666666666666664 0.18855218855218855 0.3111111111111111
0 0.6380471380471381 0.2638888888888889 0.05723905723905724 0.20555555555555555
0 0.5033670033670034 0.875 0.09764309764309764 0.25
0 0.3686868686868687 0.2972222222222222 0.1717171717171717 0.37222222222222223
0 0.010101010101010102 0.2916666666666667 0.020202020202020204 0.21666666666666667
0 0.930976430976431 0.3 0.13131313131313133 0.3
0 0.5235690235690236 0.11388888888888889 0.04377104377104377 0.11666666666666667