0 0.4936708860759494 0.43854748603351956 0.9873417721518988 0.8770949720670391
0 0.4272151898734177 0.15921787709497207 0.15822784810126583 0.29608938547486036
0 0.5965189873417721 0.7262569832402235 0.17405063291139242 0.3016759776536313
0 0.061708860759493674 0.6759776536312849 0.12341772151898735 0.37988826815642457
0 0.7278481012658228 0.17597765363128492 0.1518987341772152 0.26256983240223464
0 0.2974683544303797 0.7178770949720671 0.1518987341772152 0.329608938547486
0 0.935126582278481 0.8016759776536313 0.1360759493670886 0.17318435754189945
0 0.17721518987341772 0.19273743016759776 0.18354430379746836 0.36312849162011174
0 0.9224683544303798 0.1340782122905028 0.1550632911392405 0.2681564245810056
0 0.1661392405063291 0.7932960893854749 0.16772151898734178 0.18994413407821228
0 0.7484177215189873 0.44692737430167595 0.19936708860759494 0.3128491620111732
0 0.6028481012658228 0.48044692737430167 0.17405063291139242 0.2681564245810056
0 0.3259493670886076 0.36033519553072624 0.14556962025316456 0.24022346368715083
0 0.5474683544303798 0.11731843575418995 0.13924050632911392 0.2346368715083799
0 0.24841772151898733 0.5139664804469274 0.10443037974683544 0.18994413407821228
0 0.375 0.8184357541899442 0.07278481012658228 0.12849162011173185
0 0.7974683544303798 0.8016759776536313 0.0949367088607595 0.15083798882681565
0 0.4161392405063291 0.6508379888268156 0.0981012658227848 0.21787709497206703
0 0.8117088607594937 0.07262569832402235 0.11708860759493671 0.1340782122905028
0 0.9082278481012658 0.46368715083798884 0.17088607594936708 0.3463687150837989
0 0.7974683544303798 0.659217877094972 0.08860759493670886 0.16759776536312848
0 0.0759493670886076 0.12290502793296089 0.03164556962025317 0.2011173184357542
0 0.14556962025316456 0.44692737430167595 0.14556962025316456 0.1787709497206704
0 0.4651898734177215 0.35195530726256985 0.13291139240506328 0.2122905027932961
0 0.3259493670886076 0.05027932960893855 0.06962025316455696 0.1005586592178771
0 0.02531645569620253 0.2011173184357542 0.05063291139240506 0.37988826815642457
0 0.6360759493670886 0.09776536312849161 0.0759493670886076 0.19553072625698323
0 0.9509493670886076 0.04189944134078212 0.04746835443037975 0.08379888268156424