0 0.058365758754863814 0.8233695652173914 0.11673151750972763 0.1793478260869565
0 0.49416342412451364 0.46195652173913043 0.9883268482490273 0.9239130434782609
0 0.21206225680933852 0.8233695652173914 0.16731517509727625 0.19021739130434784
0 0.4708171206225681 0.6902173913043478 0.0933852140077821 0.15217391304347827
0 0.4066147859922179 0.7934782608695652 0.11284046692607004 0.18478260869565216
0 0.29961089494163423 0.6875 0.1245136186770428 0.20108695652173914
0 0.054474708171206226 0.41847826086956524 0.10116731517509728 0.15217391304347827
0 0.519455252918288 0.42391304347826086 0.19066147859922178 0.25
0 0.6750972762645915 0.41847826086956524 0.11284046692607004 0.25
0 0.1517509727626459 0.36141304347826086 0.10116731517509728 0.125
0 0.7801556420233463 0.23097826086956522 0.22957198443579765 0.2554347826086957
0 0.3132295719844358 0.27445652173913043 0.07392996108949416 0.125
0 0.24708171206225682 0.3342391304347826 0.042801556420233464 0.08152173913043478
0 0.2801556420233463 0.03804347826086957 0.5447470817120622 0.07608695652173914
0 0.44163424124513617 0.4483695652173913 0.05058365758754864 0.07065217391304347
0 0.07782101167315175 0.8369565217391305 0.038910505836575876 0.03260869565217391
0 0.023346303501945526 0.25 0.04669260700389105 0.08695652173913043
0 0.7237354085603113 0.06793478260869565 0.4669260700389105 0.1358695652173913
0 0.9260700389105059 0.7119565217391305 0.1556420233463035 0.21739130434782608
0 0.6556420233463035 0.7635869565217391 0.22957198443579765 0.2554347826086957
0 0.321011673151751 0.782608695652174 0.03501945525291829 0.03260869565217391
0 0.06809338521400778 0.24456521739130435 0.042801556420233464 0.07608695652173914
0 0.11673151750972763 0.22554347826086957 0.038910505836575876 0.08152173913043478
0 0.013618677042801557 0.14945652173913043 0.027237354085603113 0.11413043478260869
0 0.3638132295719844 0.24456521739130435 0.03501945525291829 0.08695652173913043
0 0.4649805447470817 0.21467391304347827 0.03501945525291829 0.10326086956521739
0 0.3151750972762646 0.8885869565217391 0.0311284046692607 0.03804347826086957
0 0.39883268482490275 0.24456521739130435 0.03501945525291829 0.07608695652173914