0 0.4928571428571429 0.4893048128342246 0.9857142857142858 0.9786096256684492
0 0.7196428571428571 0.786096256684492 0.16785714285714284 0.3422459893048128
0 0.10892857142857143 0.7593582887700535 0.21785714285714286 0.42780748663101603
0 0.9196428571428571 0.7299465240641712 0.1392857142857143 0.39037433155080214
0 0.5125 0.7727272727272727 0.20357142857142857 0.29411764705882354
0 0.6160714285714286 0.9331550802139037 0.16071428571428573 0.12299465240641712
0 0.06785714285714285 0.24331550802139038 0.1357142857142857 0.45454545454545453
0 0.4607142857142857 0.13101604278074866 0.14285714285714285 0.2620320855614973
0 0.8267857142857142 0.6176470588235294 0.11785714285714285 0.3582887700534759
0 0.8464285714285714 0.13903743315508021 0.15 0.27807486631016043
0 0.5696428571428571 0.31283422459893045 0.13214285714285715 0.28342245989304815
0 0.23035714285714284 0.09893048128342247 0.1392857142857143 0.19786096256684493
0 0.24642857142857144 0.35561497326203206 0.10714285714285714 0.2727272727272727
0 0.9142857142857143 0.4572192513368984 0.12857142857142856 0.19786096256684493
0 0.36428571428571427 0.9278074866310161 0.17142857142857143 0.13368983957219252