0 0.49375 0.6096256684491979 0.9875 0.7593582887700535
0 0.49375 0.11764705882352941 0.9875 0.1925133689839572
0 0.9041666666666667 0.01871657754010695 0.175 0.0374331550802139
0 0.41875 0.0213903743315508 0.8375 0.0427807486631016
0 0.09166666666666666 0.2647058823529412 0.16666666666666666 0.10160427807486631
0 0.8229166666666666 0.45454545454545453 0.30416666666666664 0.18181818181818182
0 0.34791666666666665 0.3502673796791444 0.2708333333333333 0.15508021390374332
0 0.7479166666666667 0.29411764705882354 0.49583333333333335 0.13903743315508021
0 0.33541666666666664 0.5267379679144385 0.32916666666666666 0.2192513368983957
0 0.7541666666666667 0.01871657754010695 0.10833333333333334 0.0374331550802139
0 0.31666666666666665 0.1657754010695187 0.10833333333333334 0.0855614973262032
0 0.6291666666666667 0.6577540106951871 0.13333333333333333 0.11764705882352941
0 0.8791666666666667 0.8850267379679144 0.21666666666666667 0.19786096256684493
0 0.46041666666666664 0.18716577540106952 0.04583333333333333 0.0427807486631016
0 0.6791666666666667 0.8689839572192514 0.21666666666666667 0.2192513368983957
0 0.10416666666666667 0.9117647058823529 0.16666666666666666 0.15508021390374332
0 0.4791666666666667 0.6657754010695187 0.23333333333333334 0.1443850267379679
0 0.9166666666666666 0.7433155080213903 0.15833333333333333 0.13903743315508021
0 0.42916666666666664 0.2727272727272727 0.10833333333333334 0.0748663101604278