0 0.49452554744525545 0.49184782608695654 0.9890510948905109 0.9836956521739131
0 0.24817518248175183 0.5489130434782609 0.2773722627737226 0.2608695652173913
0 0.15875912408759124 0.11956521739130435 0.3102189781021898 0.2391304347826087
0 0.5054744525547445 0.8994565217391305 0.2737226277372263 0.1793478260869565
0 0.7664233576642335 0.8559782608695652 0.20437956204379562 0.24456521739130435
0 0.2645985401459854 0.8858695652173914 0.18613138686131386 0.21739130434782608
0 0.07116788321167883 0.5543478260869565 0.14233576642335766 0.2826086956521739
0 0.41058394160583944 0.3423913043478261 0.3613138686131387 0.2608695652173913
0 0.060218978102189784 0.9103260869565217 0.12043795620437957 0.14673913043478262
0 0.4142335766423358 0.07608695652173914 0.23722627737226276 0.15217391304347827
0 0.6131386861313869 0.1956521739130435 0.2116788321167883 0.1956521739130435
0 0.864963503649635 0.08695652173913043 0.24817518248175183 0.17391304347826086
0 0.19525547445255476 0.7119565217391305 0.14233576642335766 0.17391304347826086
0 0.8138686131386861 0.47282608695652173 0.1897810218978102 0.21739130434782608
0 0.06934306569343066 0.29347826086956524 0.10948905109489052 0.18478260869565216
0 0.9452554744525548 0.5135869565217391 0.10948905109489052 0.1793478260869565
0 0.9343065693430657 0.3233695652173913 0.13138686131386862 0.22282608695652173
0 0.3175182481751825 0.7364130434782609 0.0948905109489051 0.15760869565217392
0 0.48722627737226276 0.5461956521739131 0.17883211678832117 0.24456521739130435
0 0.6423357664233577 0.0625 0.16058394160583941 0.125
0 0.6496350364963503 0.5570652173913043 0.12408759124087591 0.125
0 0.16423357664233576 0.3451086956521739 0.10218978102189781 0.14673913043478262