0 0.49423076923076925 0.49166666666666664 0.9884615384615385 0.9833333333333333
0 0.8115384615384615 0.18055555555555555 0.3769230769230769 0.22777777777777777
0 0.3173076923076923 0.16666666666666666 0.29615384615384616 0.15555555555555556
0 0.10384615384615385 0.3 0.2076923076923077 0.3
0 0.8115384615384615 0.8527777777777777 0.3769230769230769 0.2611111111111111
0 0.5423076923076923 0.8722222222222222 0.19230769230769232 0.24444444444444444
0 0.823076923076923 0.027777777777777776 0.3153846153846154 0.05555555555555555
0 0.08653846153846154 0.5972222222222222 0.17307692307692307 0.2388888888888889
0 0.11730769230769231 0.06111111111111111 0.23461538461538461 0.12222222222222222
0 0.8730769230769231 0.34444444444444444 0.27692307692307694 0.18888888888888888
0 0.20384615384615384 0.8444444444444444 0.2076923076923077 0.28888888888888886
0 0.8288461538461539 0.5166666666666667 0.3269230769230769 0.17777777777777778
0 0.38461538461538464 0.5805555555555556 0.26153846153846155 0.25
0 0.7538461538461538 0.8083333333333333 0.07692307692307693 0.11666666666666667