0 0.4957081545064378 0.4638888888888889 0.9914163090128756 0.9277777777777778
0 0.5300429184549357 0.8527777777777777 0.15879828326180256 0.1388888888888889
0 0.10085836909871244 0.15833333333333333 0.2017167381974249 0.2611111111111111
0 0.7145922746781116 0.12777777777777777 0.3133047210300429 0.25555555555555554
0 0.7510729613733905 0.7277777777777777 0.19742489270386265 0.18888888888888888
0 0.3497854077253219 0.8333333333333334 0.23605150214592274 0.17777777777777778
0 0.8283261802575107 0.8638888888888889 0.31759656652360513 0.11666666666666667
0 0.8562231759656652 0.5916666666666667 0.23605150214592274 0.18333333333333332
0 0.7253218884120172 0.4888888888888889 0.1888412017167382 0.18888888888888888
0 0.5064377682403434 0.2222222222222222 0.2145922746781116 0.3333333333333333
0 0.5429184549356223 0.05555555555555555 0.14163090128755365 0.1
0 0.5085836909871244 0.45555555555555555 0.19313304721030042 0.2
0 0.30042918454935624 0.6833333333333333 0.0944206008583691 0.13333333333333333
0 0.7918454935622318 0.3416666666666667 0.09012875536480687 0.08333333333333333
0 0.47854077253218885 0.6888888888888889 0.12446351931330472 0.13333333333333333
0 0.2017167381974249 0.48055555555555557 0.12875536480686695 0.15
0 0.05793991416309013 0.5805555555555556 0.11587982832618025 0.1388888888888889
0 0.37339055793991416 0.49166666666666664 0.07725321888412018 0.19444444444444445
0 0.8583690987124464 0.24722222222222223 0.12017167381974249 0.18333333333333332
0 0.33047210300429186 0.030555555555555555 0.08583690987124463 0.06111111111111111
0 0.10944206008583691 0.7777777777777778 0.21888412017167383 0.26666666666666666