0 0.49429657794676807 0.4888888888888889 0.9885931558935361 0.9777777777777777
0 0.10456273764258556 0.14166666666666666 0.20912547528517111 0.2833333333333333
0 0.8973384030418251 0.16111111111111112 0.22053231939163498 0.2777777777777778
0 0.5988593155893536 0.11944444444444445 0.28517110266159695 0.2388888888888889
0 0.3193916349809886 0.16666666666666666 0.2813688212927757 0.2777777777777778
0 0.08935361216730038 0.6305555555555555 0.17870722433460076 0.35
0 0.4600760456273764 0.4722222222222222 0.23574144486692014 0.34444444444444444
0 0.2509505703422053 0.5611111111111111 0.21292775665399238 0.3888888888888889
0 0.5114068441064639 0.8333333333333334 0.2623574144486692 0.18888888888888888
0 0.7946768060836502 0.8722222222222222 0.40304182509505704 0.24444444444444444
0 0.10456273764258556 0.9222222222222223 0.20912547528517111 0.14444444444444443
0 0.5 0.2777777777777778 0.13307984790874525 0.13333333333333333