0 0.49416342412451364 0.5472222222222223 0.9883268482490273 0.8833333333333333
0 0.30544747081712065 0.1527777777777778 0.6108949416342413 0.1388888888888889
0 0.8326848249027238 0.1527777777777778 0.3346303501945525 0.11666666666666667
0 0.32879377431906615 0.4388888888888889 0.22957198443579765 0.3
0 0.05058365758754864 0.09722222222222222 0.10116731517509728 0.07222222222222222
0 0.9241245136186771 0.6611111111111111 0.1517509727626459 0.32222222222222224
0 0.8151750972762646 0.9055555555555556 0.3463035019455253 0.17777777777777778
0 0.8988326848249028 0.3527777777777778 0.19455252918287938 0.3611111111111111
0 0.566147859922179 0.5277777777777778 0.12062256809338522 0.2
0 0.5622568093385214 0.6916666666666667 0.14396887159533073 0.18333333333333332
0 0.603112840466926 0.36666666666666664 0.1556420233463035 0.2
0 0.7412451361867705 0.5694444444444444 0.12062256809338522 0.2611111111111111
0 0.06614785992217899 0.3527777777777778 0.13229571984435798 0.21666666666666667
0 0.566147859922179 0.8777777777777778 0.19066147859922178 0.23333333333333334
0 0.4474708171206226 0.08055555555555556 0.04669260700389105 0.05