0 0.4905405405405405 0.5166666666666667 0.981081081081081 0.9111111111111111
0 0.4864864864864865 0.28888888888888886 0.2648648648648649 0.2111111111111111
0 0.24864864864864866 0.38055555555555554 0.2702702702702703 0.31666666666666665
0 0.8864864864864865 0.32222222222222224 0.22702702702702704 0.3111111111111111
0 0.07162162162162163 0.22777777777777777 0.14324324324324325 0.4222222222222222
0 0.9108108108108108 0.7277777777777777 0.17297297297297298 0.34444444444444444
0 0.3864864864864865 0.8388888888888889 0.1783783783783784 0.28888888888888886
0 0.9716216216216216 0.14166666666666666 0.04054054054054054 0.09444444444444444
0 0.44594594594594594 0.1638888888888889 0.08108108108108109 0.08333333333333333
0 0.6202702702702703 0.6638888888888889 0.15405405405405406 0.2722222222222222
0 0.8851351351351351 0.12222222222222222 0.062162162162162166 0.1111111111111111