0 0.49429657794676807 0.5416666666666666 0.9885931558935361 0.9055555555555556
0 0.5475285171102662 0.21666666666666667 0.23574144486692014 0.2111111111111111
0 0.19771863117870722 0.21666666666666667 0.3650190114068441 0.2
0 0.48859315589353614 0.08055555555555556 0.9771863117870723 0.15
0 0.8935361216730038 0.3194444444444444 0.20532319391634982 0.3611111111111111
0 0.903041825095057 0.6027777777777777 0.17870722433460076 0.2833333333333333
0 0.8992395437262357 0.8888888888888888 0.18631178707224336 0.18888888888888888
0 0.7167300380228137 0.8277777777777777 0.24714828897338403 0.3111111111111111
0 0.2832699619771863 0.8777777777777778 0.2623574144486692 0.2222222222222222
0 0.7338403041825095 0.2611111111111111 0.1520912547528517 0.2222222222222222
0 0.6197718631178707 0.10555555555555556 0.06844106463878327 0.08888888888888889
0 0.4144486692015209 0.07777777777777778 0.13688212927756654 0.1