0 0.49280575539568344 0.4891891891891892 0.9856115107913669 0.9783783783783784
0 0.4802158273381295 0.12702702702702703 0.29856115107913667 0.25405405405405407
0 0.6025179856115108 0.8189189189189189 0.23381294964028776 0.32972972972972975
0 0.20503597122302158 0.8378378378378378 0.16546762589928057 0.2918918918918919
0 0.09172661870503597 0.6081081081081081 0.16906474820143885 0.31891891891891894
0 0.07913669064748201 0.3081081081081081 0.15827338129496402 0.33513513513513515
0 0.8183453237410072 0.8594594594594595 0.32014388489208634 0.24864864864864866
0 0.30755395683453235 0.42702702702702705 0.19784172661870503 0.3891891891891892
0 0.24280575539568344 0.14864864864864866 0.1906474820143885 0.2864864864864865
0 0.8902877697841727 0.24594594594594596 0.21223021582733814 0.35135135135135137
0 0.60431654676259 0.34864864864864864 0.2014388489208633 0.35135135135135137
0 0.41906474820143885 0.7378378378378379 0.1618705035971223 0.25405405405405407