0 0.49429657794676807 0.49166666666666664 0.9885931558935361 0.9833333333333333
0 0.17110266159695817 0.13055555555555556 0.34220532319391633 0.2611111111111111
0 0.629277566539924 0.11666666666666667 0.30038022813688214 0.2222222222222222
0 0.870722433460076 0.13055555555555556 0.2585551330798479 0.25
0 0.18250950570342206 0.7888888888888889 0.2509505703422053 0.3888888888888889
0 0.46387832699619774 0.5083333333333333 0.2661596958174905 0.2722222222222222
0 0.8612167300380228 0.8305555555555556 0.27756653992395436 0.3055555555555556
0 0.20912547528517111 0.4638888888888889 0.22813688212927757 0.2722222222222222
0 0.8422053231939164 0.4888888888888889 0.30798479087452474 0.28888888888888886
0 0.3973384030418251 0.7972222222222223 0.24714828897338403 0.31666666666666665
0 0.06844106463878327 0.31666666666666665 0.13688212927756654 0.2777777777777778
0 0.7110266159695817 0.7694444444444445 0.1520912547528517 0.1388888888888889