0 0.4948453608247423 0.6005154639175257 0.9896907216494846 0.788659793814433
0 0.19415807560137457 0.28865979381443296 0.3745704467353952 0.16494845360824742
0 0.8487972508591065 0.26804123711340205 0.3161512027491409 0.13402061855670103
0 0.48281786941580757 0.3788659793814433 0.29896907216494845 0.23195876288659795
0 0.8865979381443299 0.44587628865979384 0.2268041237113402 0.25257731958762886
0 0.23367697594501718 0.8479381443298969 0.24742268041237114 0.27319587628865977
0 0.08419243986254296 0.5180412371134021 0.16838487972508592 0.22164948453608246
0 0.4536082474226804 0.865979381443299 0.1718213058419244 0.23711340206185566
0 0.9209621993127147 0.8582474226804123 0.15807560137457044 0.2422680412371134
0 0.5412371134020618 0.5747422680412371 0.21649484536082475 0.26288659793814434
0 0.7319587628865979 0.8556701030927835 0.24054982817869416 0.25773195876288657
0 0.0429553264604811 0.8865979381443299 0.07903780068728522 0.14432989690721648
0 0.17697594501718214 0.6597938144329897 0.14776632302405499 0.14432989690721648
0 0.3694158075601375 0.6082474226804123 0.15463917525773196 0.20618556701030927
0 0.20446735395189003 0.4072164948453608 0.07903780068728522 0.10309278350515463
0 0.24398625429553264 0.5103092783505154 0.17869415807560138 0.15463917525773196
0 0.5756013745704467 0.25 0.2920962199312715 0.08762886597938144
0 0.738831615120275 0.6572164948453608 0.10309278350515463 0.11855670103092783
0 0.022336769759450172 0.48195876288659795 0.044673539518900345 0.08762886597938144
0 0.6185567010309279 0.8737113402061856 0.06872852233676977 0.08762886597938144
0 0.6512027491408935 0.8273195876288659 0.05154639175257732 0.07731958762886598
0 0.3848797250859107 0.4536082474226804 0.06872852233676977 0.09278350515463918