0 0.49295774647887325 0.4888888888888889 0.9859154929577465 0.9444444444444444
0 0.8996478873239436 0.5805555555555556 0.2007042253521127 0.4388888888888889
0 0.8538732394366197 0.8972222222222223 0.2852112676056338 0.19444444444444445
0 0.125 0.2722222222222222 0.25 0.34444444444444444
0 0.6919014084507042 0.6166666666666667 0.2147887323943662 0.36666666666666664
0 0.448943661971831 0.8472222222222222 0.20774647887323944 0.2722222222222222
0 0.2887323943661972 0.6638888888888889 0.22535211267605634 0.37222222222222223
0 0.8802816901408451 0.18888888888888888 0.24647887323943662 0.28888888888888886
0 0.6038732394366197 0.2361111111111111 0.2640845070422535 0.3277777777777778
0 0.375 0.31666666666666665 0.2711267605633803 0.32222222222222224
0 0.09330985915492958 0.7055555555555556 0.15140845070422534 0.3
0 0.5563380281690141 0.5138888888888888 0.1619718309859155 0.17222222222222222
0 0.9014084507042254 0.03333333333333333 0.1619718309859155 0.06666666666666667
0 0.18485915492957747 0.9166666666666666 0.36971830985915494 0.15555555555555556
0 0.2764084507042254 0.4083333333333333 0.0528169014084507 0.08333333333333333
0 0.46830985915492956 0.10555555555555556 0.19718309859154928 0.15555555555555556
0 0.022887323943661973 0.7472222222222222 0.045774647887323945 0.06111111111111111
0 0.6302816901408451 0.9055555555555556 0.23943661971830985 0.17777777777777778