0 0.7419354838709677 0.5277777777777778 0.4976958525345622 0.7555555555555555
0 0.24193548387096775 0.5416666666666666 0.4838709677419355 0.7388888888888889
0 0.3248847926267281 0.23055555555555557 0.15207373271889402 0.1388888888888889
0 0.4147465437788018 0.37777777777777777 0.17511520737327188 0.2
0 0.804147465437788 0.6111111111111112 0.16129032258064516 0.17777777777777778
0 0.7488479262672811 0.20555555555555555 0.17050691244239632 0.13333333333333333
0 0.9377880184331797 0.5666666666666667 0.12442396313364056 0.2
0 0.9585253456221198 0.35833333333333334 0.07373271889400922 0.17222222222222222
0 0.20967741935483872 0.20277777777777778 0.08755760368663594 0.10555555555555556
0 0.391705069124424 0.8027777777777778 0.14746543778801843 0.09444444444444444
0 0.06451612903225806 0.5972222222222222 0.10138248847926268 0.09444444444444444
0 0.6129032258064516 0.32222222222222224 0.1382488479262673 0.18888888888888888
0 0.1359447004608295 0.24166666666666667 0.06912442396313365 0.08333333333333333
0 0.027649769585253458 0.2388888888888889 0.055299539170506916 0.08888888888888889
0 0.8755760368663594 0.18055555555555555 0.04608294930875576 0.06111111111111111
0 0.5599078341013825 0.24722222222222223 0.03225806451612903 0.027777777777777776
0 0.4078341013824885 0.5722222222222222 0.08755760368663594 0.07777777777777778