0 0.4938650306748466 0.4890710382513661 0.9877300613496932 0.9781420765027322
0 0.19478527607361965 0.8142076502732241 0.2116564417177914 0.33879781420765026
0 0.9049079754601227 0.8005464480874317 0.1901840490797546 0.3551912568306011
0 0.9125766871165644 0.5573770491803278 0.15644171779141106 0.25136612021857924
0 0.04447852760736196 0.546448087431694 0.08895705521472393 0.3825136612021858
0 0.5644171779141104 0.8524590163934426 0.17177914110429449 0.273224043715847
0 0.3619631901840491 0.6065573770491803 0.18404907975460122 0.29508196721311475
0 0.7515337423312883 0.5683060109289617 0.19631901840490798 0.273224043715847
0 0.16257668711656442 0.2650273224043716 0.1411042944785276 0.4972677595628415
0 0.49846625766871167 0.6311475409836066 0.15030674846625766 0.2677595628415301
0 0.8558282208588958 0.1557377049180328 0.2883435582822086 0.2786885245901639
0 0.8266871165644172 0.33879781420765026 0.1687116564417178 0.17486338797814208
0 0.7239263803680982 0.7896174863387978 0.1656441717791411 0.2459016393442623
0 0.5843558282208589 0.13387978142076504 0.3282208588957055 0.2677595628415301
0 0.5966257668711656 0.38524590163934425 0.2607361963190184 0.3442622950819672
0 0.04754601226993865 0.30327868852459017 0.08282208588957055 0.12568306010928962
0 0.9815950920245399 0.3251366120218579 0.04294478527607362 0.07103825136612021
0 0.5797546012269938 0.7158469945355191 0.03680981595092025 0.07650273224043716
0 0.7484662576687117 0.4371584699453552 0.07975460122699386 0.09836065573770492
0 0.7361963190184049 0.10655737704918032 0.04294478527607362 0.03825136612021858
0 0.11809815950920245 0.7759562841530054 0.07668711656441718 0.09836065573770492
0 0.8957055214723927 0.9590163934426229 0.04294478527607362 0.060109289617486336
0 0.3343558282208589 0.8142076502732241 0.06134969325153374 0.12021857923497267
0 0.6871165644171779 0.03278688524590164 0.04294478527607362 0.03278688524590164
0 0.8098159509202454 0.3005464480874317 0.04294478527607362 0.04371584699453552
0 0.7315950920245399 0.31420765027322406 0.06441717791411043 0.07103825136612021
0 0.6165644171779141 0.3005464480874317 0.08588957055214724 0.1092896174863388
0 0.8220858895705522 0.11748633879781421 0.04294478527607362 0.03825136612021858
0 0.8128834355828221 0.5327868852459017 0.03680981595092025 0.060109289617486336
0 0.9739263803680982 0.23224043715846995 0.03987730061349693 0.08196721311475409
0 0.31441717791411045 0.9617486338797814 0.06441717791411043 0.0546448087431694
0 0.5521472392638037 0.9590163934426229 0.03067484662576687 0.08196721311475409
0 0.1411042944785276 0.5573770491803278 0.049079754601226995 0.07650273224043716
0 0.3588957055214724 0.16120218579234974 0.2331288343558282 0.3224043715846995