0 0.4918300653594771 0.4888888888888889 0.9836601307189542 0.9777777777777777
0 0.09313725490196079 0.3638888888888889 0.17973856209150327 0.25
0 0.6290849673202614 0.9027777777777778 0.13398692810457516 0.17222222222222222
0 0.8921568627450981 0.8027777777777778 0.20261437908496732 0.3611111111111111
0 0.1781045751633987 0.8777777777777778 0.34967320261437906 0.24444444444444444
0 0.5555555555555556 0.6388888888888888 0.2222222222222222 0.37777777777777777
0 0.9330065359477124 0.3888888888888889 0.12745098039215685 0.3
0 0.7696078431372549 0.39166666666666666 0.19281045751633988 0.2833333333333333
0 0.05718954248366013 0.5333333333333333 0.11437908496732026 0.18888888888888888
0 0.35947712418300654 0.2777777777777778 0.13725490196078433 0.23333333333333334
0 0.8823529411764706 0.14166666666666666 0.19607843137254902 0.2833333333333333
0 0.09313725490196079 0.20555555555555555 0.10130718954248366 0.14444444444444443
0 0.02287581699346405 0.6972222222222222 0.0457516339869281 0.11666666666666667
0 0.40032679738562094 0.8888888888888888 0.16666666666666666 0.2111111111111111
0 0.4738562091503268 0.1638888888888889 0.0718954248366013 0.17222222222222222
0 0.28921568627450983 0.6333333333333333 0.24509803921568626 0.3888888888888889
0 0.5228758169934641 0.31666666666666665 0.1830065359477124 0.26666666666666666
0 0.7238562091503268 0.13055555555555556 0.13398692810457516 0.18333333333333332
0 0.1830065359477124 0.10555555555555556 0.08496732026143791 0.14444444444444443
0 0.8218954248366013 0.9638888888888889 0.10784313725490197 0.07222222222222222
0 0.2565359477124183 0.24166666666666667 0.12091503267973856 0.18333333333333332
0 0.272875816993464 0.06666666666666667 0.13398692810457516 0.13333333333333333
0 0.704248366013072 0.6916666666666667 0.09477124183006536 0.1388888888888889
0 0.0196078431372549 0.9222222222222223 0.0392156862745098 0.12222222222222222
0 0.10130718954248366 0.9444444444444444 0.058823529411764705 0.1111111111111111
0 0.7352941176470589 0.4777777777777778 0.058823529411764705 0.08888888888888889
0 0.027777777777777776 0.8027777777777778 0.05555555555555555 0.11666666666666667
0 0.9787581699346405 0.1388888888888889 0.049019607843137254 0.08888888888888889
0 0.18627450980392157 0.23333333333333334 0.0392156862745098 0.12222222222222222
0 0.12581699346405228 0.7888888888888889 0.049019607843137254 0.12222222222222222