0 0.4926900584795322 0.4945054945054945 0.9853801169590644 0.989010989010989
0 0.13742690058479531 0.8598901098901099 0.24561403508771928 0.25824175824175827
0 0.9488304093567251 0.510989010989011 0.12573099415204678 0.9340659340659341
0 0.49853801169590645 0.8434065934065934 0.260233918128655 0.3021978021978022
0 0.8055555555555556 0.8434065934065934 0.21929824561403508 0.3021978021978022
0 0.6154970760233918 0.3516483516483517 0.22514619883040934 0.31868131868131866
0 0.3216374269005848 0.8626373626373627 0.1111111111111111 0.24175824175824176
0 0.5277777777777778 0.11263736263736264 0.2953216374269006 0.21428571428571427
0 0.12134502923976608 0.1401098901098901 0.23684210526315788 0.2802197802197802
0 0.8450292397660819 0.1620879120879121 0.1286549707602339 0.3241758241758242
0 0.35964912280701755 0.43956043956043955 0.2573099415204678 0.3076923076923077
0 0.1388888888888889 0.8626373626373627 0.043859649122807015 0.10989010989010989
0 0.0935672514619883 0.5824175824175825 0.1871345029239766 0.26373626373626374