0 0.6426116838487973 0.6325966850828729 0.4948453608247423 0.7237569060773481
0 0.936426116838488 0.4198895027624309 0.12714776632302405 0.30939226519337015
0 0.21477663230240548 0.5994475138121547 0.42955326460481097 0.7569060773480663
0 0.8694158075601375 0.17955801104972377 0.24054982817869416 0.06077348066298342
0 0.43127147766323026 0.5082872928176796 0.16838487972508592 0.22099447513812154
0 0.6030927835051546 0.22375690607734808 0.30584192439862545 0.10497237569060773
0 0.3539518900343643 0.6767955801104972 0.08247422680412371 0.14917127071823205
0 0.9192439862542955 0.24585635359116023 0.16151202749140894 0.10497237569060773
0 0.7714776632302406 0.3701657458563536 0.14776632302405499 0.19889502762430938
0 0.6082474226804123 0.16574585635359115 0.15807560137457044 0.04419889502762431
0 0.24914089347079038 0.1574585635359116 0.49828178694158076 0.06077348066298342
0 0.915807560137457 0.7817679558011049 0.18213058419243985 0.40331491712707185
0 0.8109965635738832 0.5414364640883977 0.11683848797250859 0.1878453038674033
0 0.7096219931271478 0.17679558011049723 0.09278350515463918 0.04419889502762431
0 0.6958762886597938 0.5331491712707183 0.12714776632302405 0.16022099447513813
0 0.9054982817869416 0.3287292817679558 0.05154639175257732 0.06077348066298342
0 0.5807560137457045 0.7016574585635359 0.15807560137457044 0.22099447513812154
0 0.0429553264604811 0.6464088397790055 0.0859106529209622 0.17679558011049723
0 0.09450171821305842 0.9060773480662984 0.12027491408934708 0.15469613259668508
0 0.2611683848797251 0.5662983425414365 0.12371134020618557 0.18232044198895028
0 0.42955326460481097 0.3287292817679558 0.19931271477663232 0.1712707182320442
0 0.5378006872852233 0.4088397790055249 0.09965635738831616 0.15469613259668508
0 0.28350515463917525 0.9088397790055248 0.18900343642611683 0.16022099447513813
0 0.4845360824742268 0.9060773480662984 0.17869415807560138 0.17679558011049723
0 0.29037800687285226 0.3701657458563536 0.12714776632302405 0.13259668508287292